================================================================================
Transformer Training Results
================================================================================

Hyperparameters:
  Device: cuda:3
  Epochs: 20
  Batch Size: 64
  d_model: 256
  d_ff: 2048
  d_k: 64
  n_layers: 4
  n_heads: 8
  Learning Rate: 0.0001
  Train Samples: 40000
  Early Stop: Disabled

================================================================================

Best Model: Epoch 1, Validation PPL: 1001.7390

================================================================================

Epoch-by-Epoch Results:
--------------------------------------------------------------------------------
Epoch    Train Loss      Train PPL       Valid Loss      Valid PPL      
--------------------------------------------------------------------------------
1        7.2076          1349.6253       6.9095          1001.7390      
2        6.7108          821.1927        6.9796          1074.4907      
3        6.6407          765.6488        7.0317          1132.0004      
4        6.6067          740.0065        7.0438          1145.7564      
5        6.5864          725.1959        7.0583          1162.4413      
6        6.5698          713.2474        7.0569          1160.8872      
7        6.5551          702.7994        7.0604          1164.9197      
8        6.5424          693.9846        7.0475          1149.9675      
9        6.5334          687.7084        7.0791          1186.8672      
10       6.5240          681.2793        7.0844          1193.2497      
11       6.5142          674.6468        7.0677          1173.4249      
12       6.5032          667.3009        7.0800          1187.9851      
13       6.4946          661.5598        7.0673          1172.9699      
14       6.4857          655.7292        7.0585          1162.7410      
15       6.4762          649.5075        7.0674          1173.0616      
16       6.4644          641.9071        7.0707          1176.9951      
17       6.4545          635.5412        7.0533          1156.6441      
18       6.4438          628.8076        7.0278          1127.4996      
19       6.4326          621.8052        7.0279          1127.6710      
20       6.4214          614.8681        7.0758          1182.9385      
--------------------------------------------------------------------------------
