================================================================================
Transformer Training Results
================================================================================

Hyperparameters:
  Device: cuda
  Epochs: 20
  Batch Size: 64
  d_model: 256
  d_ff: 1024
  d_k: 32
  n_layers: 4
  n_heads: 8
  Learning Rate: 0.0001
  Train Samples: 40000

================================================================================

Best Model: Epoch 20, Validation PPL: 68.4399

================================================================================

Epoch-by-Epoch Results:
--------------------------------------------------------------------------------
Epoch    Train Loss      Train PPL       Valid Loss      Valid PPL      
--------------------------------------------------------------------------------
1        6.5524          700.8897        5.8694          354.0447       
2        5.4136          224.4450        5.4689          237.1995       
3        5.0131          150.3721        5.2661          193.6553       
4        4.7442          114.9153        5.1018          164.3162       
5        4.5355          93.2740         4.9707          144.1207       
6        4.3620          78.4139         4.8920          133.2170       
7        4.2083          67.2410         4.8148          123.3223       
8        4.0689          58.4904         4.6691          106.6007       
9        3.9401          51.4227         4.6221          101.7122       
10       3.8205          45.6271         4.6092          100.4023       
11       3.7048          40.6416         4.5401          93.7044        
12       3.5966          36.4735         4.4633          86.7718        
13       3.4941          32.9203         4.4051          81.8686        
14       3.3937          29.7753         4.3901          80.6453        
15       3.3022          27.1719         4.3177          75.0193        
16       3.2114          24.8131         4.2896          72.9388        
17       3.1263          22.7895         4.2704          71.5488        
18       3.0439          20.9875         4.2449          69.7519        
19       2.9650          19.3938         4.2419          69.5405        
20       2.8890          17.9755         4.2260          68.4399        
--------------------------------------------------------------------------------
