================================================================================
Transformer Training Results
================================================================================

Hyperparameters:
  Device: cuda:1
  Epochs: 20
  Batch Size: 64
  d_model: 256
  d_ff: 2048
  d_k: 64
  n_layers: 4
  n_heads: 8
  Learning Rate: 0.0001
  Train Samples: 40000
  Early Stop: Disabled

================================================================================

Best Model: Epoch 13, Validation PPL: 133.0776

================================================================================

Epoch-by-Epoch Results:
--------------------------------------------------------------------------------
Epoch    Train Loss      Train PPL       Valid Loss      Valid PPL      
--------------------------------------------------------------------------------
1        6.5269          683.2451        5.8809          358.1175       
2        5.4366          229.6598        5.6054          271.8794       
3        5.0823          161.1463        5.4191          225.6860       
4        4.8410          126.6018        5.2946          199.2610       
5        4.6482          104.3983        5.2045          182.0909       
6        4.4886          88.9926         5.1543          173.1736       
7        4.3420          76.8624         5.0764          160.1951       
8        4.2102          67.3702         5.0131          150.3753       
9        4.0833          59.3426         4.9908          147.0560       
10       3.9648          52.7121         4.9470          140.7458       
11       3.8476          46.8808         4.9225          137.3491       
12       3.7332          41.8144         4.9091          135.5186       
13       3.6220          37.4132         4.8909          133.0776       
14       3.5134          33.5633         4.9119          135.8985       
15       3.4073          30.1829         4.9010          134.4233       
16       3.3006          27.1296         4.8917          133.1845       
17       3.1995          24.5213         4.9391          139.6404       
18       3.0960          22.1092         4.9572          142.1891       
19       2.9961          20.0080         4.9969          147.9491       
20       2.8967          18.1134         4.9987          148.2237       
--------------------------------------------------------------------------------
