================================================================================
Transformer Training Results
================================================================================

Hyperparameters:
  Device: cuda:4
  Epochs: 20
  Batch Size: 64
  d_model: 512
  d_ff: 1024
  d_k: 32
  n_layers: 6
  n_heads: 1
  Learning Rate: 0.0001
  Train Samples: 40000

================================================================================

Best Model: Epoch 13, Validation PPL: 63.5482

================================================================================

Epoch-by-Epoch Results:
--------------------------------------------------------------------------------
Epoch    Train Loss      Train PPL       Valid Loss      Valid PPL      
--------------------------------------------------------------------------------
1        6.0535          425.5846        5.4874          241.6267       
2        4.9712          144.2005        5.1144          166.3938       
3        4.5310          92.8468         4.8972          133.9173       
4        4.2102          67.3713         4.7374          114.1348       
5        3.9438          51.6166         4.5843          97.9324        
6        3.7050          40.6482         4.4577          86.2900        
7        3.4850          32.6236         4.3350          76.3223        
8        3.2826          26.6457         4.2780          72.0987        
9        3.0929          22.0403         4.1836          65.5985        
10       2.9119          18.3925         4.2007          66.7318        
11       2.7438          15.5460         4.1777          65.2170        
12       2.5806          13.2050         4.1693          64.6720        
13       2.4210          11.2569         4.1518          63.5482        
14       2.2714          9.6926          4.1891          65.9615        
15       2.1241          8.3655          4.1582          63.9586        
16       1.9829          7.2639          4.1749          65.0345        
17       1.8468          6.3396          4.2891          72.9035        
18       1.7151          5.5571          4.3158          74.8741        
19       1.5911          4.9092          4.3637          78.5475        
20       1.4715          4.3557          4.5539          95.0019        
--------------------------------------------------------------------------------
