================================================================================
Transformer Training Results
================================================================================

Hyperparameters:
  Device: cuda:2
  Epochs: 20
  Batch Size: 64
  d_model: 256
  d_ff: 2048
  d_k: 64
  n_layers: 2
  n_heads: 8
  Learning Rate: 0.0001
  Train Samples: 40000
  Early Stop: Disabled

================================================================================

Best Model: Epoch 20, Validation PPL: 78.8476

================================================================================

Epoch-by-Epoch Results:
--------------------------------------------------------------------------------
Epoch    Train Loss      Train PPL       Valid Loss      Valid PPL      
--------------------------------------------------------------------------------
1        6.6374          763.0789        5.9439          381.4239       
2        5.5443          255.7865        5.6243          277.0891       
3        5.1804          177.7450        5.4265          227.3602       
4        4.9328          138.7728        5.2979          199.9199       
5        4.7415          114.6049        5.1994          181.1623       
6        4.5799          97.5037         5.0950          163.2023       
7        4.4398          84.7586         5.0436          155.0201       
8        4.3140          74.7354         4.9263          137.8654       
9        4.1955          66.3894         4.8735          130.7746       
10       4.0868          59.5504         4.8131          123.1088       
11       3.9837          53.7175         4.7223          112.4244       
12       3.8884          48.8351         4.6605          105.6874       
13       3.7966          44.5481         4.6499          104.5768       
14       3.7081          40.7747         4.5524          94.8600        
15       3.6240          37.4868         4.5176          91.6127        
16       3.5443          34.6159         4.4750          87.7925        
17       3.4670          32.0400         4.4691          87.2823        
18       3.3953          29.8240         4.4344          84.3009        
19       3.3235          27.7560         4.4419          84.9319        
20       3.2568          25.9671         4.3675          78.8476        
--------------------------------------------------------------------------------
